0.18444013162149
0.214903050728492
0.565261608356422
0.908646934916561
0.69989970148592
0.885462204168728
0.743194597752301
0.444681521377773
0.118603196888592
0.939269612606045
0.596451946901324
0.331012659932296
0.293001355529178
0.504081621504463
0.844781102512733
0.945664210373851
0.848311124020968
0.544018207602325
0.520839567635376
0.526217662170293
0.6250826087104
0.278808700175167
0.521886778772156
0.330241609785461
0.27509490650456
0.372911318342411
0.986322016353211
0.753353546359309
0.445989992592787
0.845778067039201
0.501424382190158
0.551871663571412
0.742758880302446
0.272418485687684
0.386349312752455
0.753610341472965
0.493471034934406
0.665179425999954
0.901870446463407
0.334291068720436
0.295570645615891
0.618101091242919
0.182479195902563
0.212147070832
0.806352671513755
0.108718738317767
0.677312105688323
0.194884595661624
0.371789583314099
0.539717752857978
0.251138421062331
0.719149789977263
0.321164202485729
0.0376385291216005
0.811861228535251
0.0453104593660564
0.297524480685317
0.30391750932142
0.536385112965005
0.120199151952745
0.795266832543439
0.502550755484549
0.227985154567617
0.831282012797662
0.113443360220247
0.999324940677117
0.758302326624147
0.518459881975911
0.476624747023345
0.272508160019431
0.963162458611981
0.319446823602566
0.452952282127786
0.533218341159339
0.783380020521224
0.412335248534952
0.909796016282619
0.120651032845021
0.872466540607656
0.651388207010685
0.431495690299244
0.137163085841542
0.0184174877135292
0.365738628604134
0.017308882530487
0.471443461166938
0.131659257773152
0.844852876677412
0.957406593439501
0.196130426207971
0.73774178342477
0.055587992139191
0.514493783622606
0.118784850125761
0.642651765003581
0.162659156872668
0.0616721058095118
0.558503499109465
0.14437798465104
0.368281799853906
