 X 	   Y	 analytical
1 	25.8633	   17
1.1 	32.3475	   15.7555
1.2 	36.73	   14.7733
1.3 	39.5443	   13.9977
1.4 	41.3017	   13.3886
1.5 	42.39	   12.9167
1.6 	43.0705	   12.56
1.7 	43.5085	   12.3018
1.8 	43.8052	   12.1289
1.9 	44.021	   12.0311
2 	44.1917	   12
2.1 	44.3387	   12.029
2.2 	44.4745	   12.1127
2.3 	44.6065	   12.2465
2.4 	44.7394	   12.4267
2.5 	44.8762	   12.65
2.6 	45.0186	   12.9138
2.7 	45.1682	   13.2159
2.8 	45.326	   13.5543
2.9 	45.4928	   13.9272
3 	45.6696	   14.3333
1 	20.1281	   17
1.1 	22.602	   15.7555
1.2 	24.5077	   14.7733
1.3 	25.9511	   13.9977
1.4 	27.0355	   13.3886
1.5 	27.8504	   12.9167
1.6 	28.4685	   12.56
1.7 	28.9457	   12.3018
1.8 	29.3239	   12.1289
1.9 	29.6341	   12.0311
2 	29.8985	   12
2.1 	30.1332	   12.029
2.2 	30.3499	   12.1127
2.3 	30.5569	   12.2465
2.4 	30.7603	   12.4267
2.5 	30.9645	   12.65
2.6 	31.173	   12.9138
2.7 	31.3882	   13.2159
2.8 	31.6122	   13.5543
2.9 	31.8467	   13.9272
3 	32.093	   14.3333
1 	17.4415	   17
1.1 	17.8355	   15.7555
1.2 	18.1906	   14.7733
1.3 	18.5141	   13.9977
1.4 	18.8127	   13.3886
1.5 	19.092	   12.9167
1.6 	19.3566	   12.56
1.7 	19.6109	   12.3018
1.8 	19.8584	   12.1289
1.9 	20.1021	   12.0311
2 	20.3448	   12
2.1 	20.5889	   12.029
2.2 	20.8363	   12.1127
2.3 	21.0892	   12.2465
2.4 	21.349	   12.4267
2.5 	21.6175	   12.65
2.6 	21.896	   12.9138
2.7 	22.1861	   13.2159
2.8 	22.4888	   13.5543
2.9 	22.8055	   13.9272
3 	23.1373	   14.3333
1 	16.4208	   17
1.1 	15.9884	   15.7555
1.2 	15.6747	   14.7733
1.3 	15.4581	   13.9977
1.4 	15.3223	   13.3886
1.5 	15.2543	   12.9167
1.6 	15.244	   12.56
1.7 	15.283	   12.3018
1.8 	15.365	   12.1289
1.9 	15.4847	   12.0311
2 	15.638	   12
2.1 	15.8214	   12.029
2.2 	16.0325	   12.1127
2.3 	16.269	   12.2465
2.4 	16.5296	   12.4267
2.5 	16.8131	   12.65
2.6 	17.1185	   12.9138
2.7 	17.4456	   13.2159
2.8 	17.7939	   13.5543
2.9 	18.1633	   13.9272
3 	18.554	   14.3333
1 	16.0248	   17
1.1 	15.2663	   15.7555
1.2 	14.6801	   14.7733
1.3 	14.234	   13.9977
1.4 	13.9036	   13.3886
1.5 	13.6706	   12.9167
1.6 	13.5204	   12.56
1.7 	13.4417	   12.3018
1.8 	13.4255	   12.1289
1.9 	13.4644	   12.0311
2 	13.5526	   12
2.1 	13.6852	   12.029
2.2 	13.8583	   12.1127
2.3 	14.0685	   12.2465
2.4 	14.3132	   12.4267
2.5 	14.5903	   12.65
2.6 	14.898	   12.9138
2.7 	15.2349	   13.2159
2.8 	15.5998	   13.5543
2.9 	15.9919	   13.9272
3 	16.4104	   14.3333
1 	15.8522	   17
1.1 	14.9505	   15.7555
1.2 	14.2433	   14.7733
1.3 	13.6933	   13.9977
1.4 	13.2731	   13.3886
1.5 	12.9619	   12.9167
1.6 	12.7438	   12.56
1.7 	12.6062	   12.3018
1.8 	12.5392	   12.1289
1.9 	12.5348	   12.0311
2 	12.5867	   12
2.1 	12.6896	   12.029
2.2 	12.839	   12.1127
2.3 	13.0313	   12.2465
2.4 	13.2636	   12.4267
2.5 	13.5333	   12.65
2.6 	13.8383	   12.9138
2.7 	14.1769	   13.2159
2.8 	14.5474	   13.5543
2.9 	14.9488	   13.9272
3 	15.3798	   14.3333
1 	15.7706	   17
1.1 	14.801	   15.7555
1.2 	14.036	   14.7733
1.3 	13.4362	   13.9977
1.4 	12.9724	   13.3886
1.5 	12.6229	   12.9167
1.6 	12.371	   12.56
1.7 	12.2037	   12.3018
1.8 	12.1108	   12.1289
1.9 	12.084	   12.0311
2 	12.1167	   12
2.1 	12.2035	   12.029
2.2 	12.3399	   12.1127
2.3 	12.522	   12.2465
2.4 	12.7469	   12.4267
2.5 	13.0117	   12.65
2.6 	13.3143	   12.9138
2.7 	13.6528	   13.2159
2.8 	14.0254	   13.5543
2.9 	14.4308	   13.9272
3 	14.8677	   14.3333
1 	15.7302	   17
1.1 	14.7271	   15.7555
1.2 	13.9335	   14.7733
1.3 	13.3087	   13.9977
1.4 	12.8232	   13.3886
1.5 	12.4544	   12.9167
1.6 	12.1854	   12.56
1.7 	12.003	   12.3018
1.8 	11.8968	   12.1289
1.9 	11.8585	   12.0311
2 	11.8812	   12
2.1 	11.9595	   12.029
2.2 	12.0889	   12.1127
2.3 	12.2656	   12.2465
2.4 	12.4863	   12.4267
2.5 	12.7484	   12.65
2.6 	13.0495	   12.9138
2.7 	13.3876	   13.2159
2.8 	13.7611	   13.5543
2.9 	14.1684	   13.9272
3 	14.6081	   14.3333
1 	15.7098	   17
1.1 	14.6897	   15.7555
1.2 	13.8816	   14.7733
1.3 	13.2442	   13.9977
1.4 	12.7475	   13.3886
1.5 	12.3689	   12.9167
1.6 	12.0912	   12.56
1.7 	11.9011	   12.3018
1.8 	11.7881	   12.1289
1.9 	11.7437	   12.0311
2 	11.7613	   12
2.1 	11.8352	   12.029
2.2 	11.961	   12.1127
2.3 	12.1347	   12.2465
2.4 	12.3532	   12.4267
2.5 	12.6138	   12.65
2.6 	12.914	   12.9138
2.7 	13.252	   13.2159
2.8 	13.6258	   13.5543
2.9 	14.034	   13.9272
3 	14.4751	   14.3333
1 	15.6994	   17
1.1 	14.6705	   15.7555
1.2 	13.855	   14.7733
1.3 	13.2112	   13.9977
1.4 	12.7088	   13.3886
1.5 	12.3252	   12.9167
1.6 	12.043	   12.56
1.7 	11.8489	   12.3018
1.8 	11.7323	   12.1289
1.9 	11.6848	   12.0311
2 	11.6997	   12
2.1 	11.7713	   12.029
2.2 	11.8952	   12.1127
2.3 	12.0674	   12.2465
2.4 	12.2848	   12.4267
2.5 	12.5445	   12.65
2.6 	12.8443	   12.9138
2.7 	13.1821	   13.2159
2.8 	13.5561	   13.5543
2.9 	13.9648	   13.9272
3 	14.4066	   14.3333
1 	15.694	   17
1.1 	14.6607	   15.7555
1.2 	13.8413	   14.7733
1.3 	13.1942	   13.9977
1.4 	12.6889	   13.3886
1.5 	12.3026	   12.9167
1.6 	12.0181	   12.56
1.7 	11.8219	   12.3018
1.8 	11.7035	   12.1289
1.9 	11.6544	   12.0311
2 	11.6679	   12
2.1 	11.7384	   12.029
2.2 	11.8613	   12.1127
2.3 	12.0327	   12.2465
2.4 	12.2494	   12.4267
2.5 	12.5088	   12.65
2.6 	12.8083	   12.9138
2.7 	13.1461	   13.2159
2.8 	13.5201	   13.5543
2.9 	13.929	   13.9272
3 	14.3713	   14.3333
1 	15.6913	   17
1.1 	14.6556	   15.7555
1.2 	13.8343	   14.7733
1.3 	13.1854	   13.9977
1.4 	12.6786	   13.3886
1.5 	12.291	   12.9167
1.6 	12.0053	   12.56
1.7 	11.808	   12.3018
1.8 	11.6886	   12.1289
1.9 	11.6387	   12.0311
2 	11.6515	   12
2.1 	11.7214	   12.029
2.2 	11.8437	   12.1127
2.3 	12.0147	   12.2465
2.4 	12.2312	   12.4267
2.5 	12.4903	   12.65
2.6 	12.7897	   12.9138
2.7 	13.1274	   13.2159
2.8 	13.5015	   13.5543
2.9 	13.9105	   13.9272
3 	14.353	   14.3333
1 	15.6898	   17
1.1 	14.653	   15.7555
1.2 	13.8306	   14.7733
1.3 	13.1809	   13.9977
1.4 	12.6732	   13.3886
1.5 	12.2849	   12.9167
1.6 	11.9986	   12.56
1.7 	11.8008	   12.3018
1.8 	11.681	   12.1289
1.9 	11.6306	   12.0311
2 	11.643	   12
2.1 	11.7125	   12.029
2.2 	11.8346	   12.1127
2.3 	12.0054	   12.2465
2.4 	12.2217	   12.4267
2.5 	12.4807	   12.65
2.6 	12.7801	   12.9138
2.7 	13.1177	   13.2159
2.8 	13.4919	   13.5543
2.9 	13.9009	   13.9272
3 	14.3435	   14.3333
1 	15.6891	   17
1.1 	14.6516	   15.7555
1.2 	13.8287	   14.7733
1.3 	13.1785	   13.9977
1.4 	12.6705	   13.3886
1.5 	12.2818	   12.9167
1.6 	11.9952	   12.56
1.7 	11.7971	   12.3018
1.8 	11.677	   12.1289
1.9 	11.6264	   12.0311
2 	11.6386	   12
2.1 	11.708	   12.029
2.2 	11.8299	   12.1127
2.3 	12.0006	   12.2465
2.4 	12.2168	   12.4267
2.5 	12.4758	   12.65
2.6 	12.7751	   12.9138
2.7 	13.1127	   13.2159
2.8 	13.4869	   13.5543
2.9 	13.896	   13.9272
3 	14.3386	   14.3333
1 	15.6887	   17
1.1 	14.6509	   15.7555
1.2 	13.8277	   14.7733
1.3 	13.1773	   13.9977
1.4 	12.6691	   13.3886
1.5 	12.2802	   12.9167
1.6 	11.9934	   12.56
1.7 	11.7951	   12.3018
1.8 	11.6749	   12.1289
1.9 	11.6242	   12.0311
2 	11.6363	   12
2.1 	11.7056	   12.029
2.2 	11.8275	   12.1127
2.3 	11.9981	   12.2465
2.4 	12.2143	   12.4267
2.5 	12.4732	   12.65
2.6 	12.7725	   12.9138
2.7 	13.1102	   13.2159
2.8 	13.4843	   13.5543
2.9 	13.8934	   13.9272
3 	14.336	   14.3333
1 	15.6885	   17
1.1 	14.6506	   15.7555
1.2 	13.8272	   14.7733
1.3 	13.1767	   13.9977
1.4 	12.6683	   13.3886
1.5 	12.2794	   12.9167
1.6 	11.9925	   12.56
1.7 	11.7941	   12.3018
1.8 	11.6738	   12.1289
1.9 	11.6231	   12.0311
2 	11.6352	   12
2.1 	11.7044	   12.029
2.2 	11.8262	   12.1127
2.3 	11.9968	   12.2465
2.4 	12.213	   12.4267
2.5 	12.4719	   12.65
2.6 	12.7712	   12.9138
2.7 	13.1088	   13.2159
2.8 	13.483	   13.5543
2.9 	13.8921	   13.9272
3 	14.3347	   14.3333
1 	15.6884	   17
1.1 	14.6504	   15.7555
1.2 	13.827	   14.7733
1.3 	13.1763	   13.9977
1.4 	12.6679	   13.3886
1.5 	12.2789	   12.9167
1.6 	11.992	   12.56
1.7 	11.7936	   12.3018
1.8 	11.6733	   12.1289
1.9 	11.6225	   12.0311
2 	11.6345	   12
2.1 	11.7038	   12.029
2.2 	11.8256	   12.1127
2.3 	11.9962	   12.2465
2.4 	12.2123	   12.4267
2.5 	12.4712	   12.65
2.6 	12.7705	   12.9138
2.7 	13.1081	   13.2159
2.8 	13.4823	   13.5543
2.9 	13.8914	   13.9272
3 	14.334	   14.3333
1 	15.6883	   17
1.1 	14.6503	   15.7555
1.2 	13.8268	   14.7733
1.3 	13.1762	   13.9977
1.4 	12.6677	   13.3886
1.5 	12.2787	   12.9167
1.6 	11.9917	   12.56
1.7 	11.7934	   12.3018
1.8 	11.673	   12.1289
1.9 	11.6222	   12.0311
2 	11.6342	   12
2.1 	11.7034	   12.029
2.2 	11.8252	   12.1127
2.3 	11.9958	   12.2465
2.4 	12.2119	   12.4267
2.5 	12.4708	   12.65
2.6 	12.7701	   12.9138
2.7 	13.1078	   13.2159
2.8 	13.4819	   13.5543
2.9 	13.891	   13.9272
3 	14.3337	   14.3333
1 	15.6883	   17
1.1 	14.6502	   15.7555
1.2 	13.8268	   14.7733
1.3 	13.1761	   13.9977
1.4 	12.6676	   13.3886
1.5 	12.2786	   12.9167
1.6 	11.9916	   12.56
1.7 	11.7932	   12.3018
1.8 	11.6729	   12.1289
1.9 	11.6221	   12.0311
2 	11.6341	   12
2.1 	11.7033	   12.029
2.2 	11.8251	   12.1127
2.3 	11.9956	   12.2465
2.4 	12.2118	   12.4267
2.5 	12.4706	   12.65
2.6 	12.7699	   12.9138
2.7 	13.1076	   13.2159
2.8 	13.4817	   13.5543
2.9 	13.8909	   13.9272
3 	14.3335	   14.3333
1 	15.6883	   17
1.1 	14.6502	   15.7555
1.2 	13.8267	   14.7733
1.3 	13.176	   13.9977
1.4 	12.6676	   13.3886
1.5 	12.2785	   12.9167
1.6 	11.9915	   12.56
1.7 	11.7931	   12.3018
1.8 	11.6728	   12.1289
1.9 	11.622	   12.0311
2 	11.634	   12
2.1 	11.7032	   12.029
2.2 	11.825	   12.1127
2.3 	11.9955	   12.2465
2.4 	12.2117	   12.4267
2.5 	12.4705	   12.65
2.6 	12.7698	   12.9138
2.7 	13.1075	   13.2159
2.8 	13.4816	   13.5543
2.9 	13.8908	   13.9272
3 	14.3334	   14.3333
1 	15.6883	   17
1.1 	14.6502	   15.7555
1.2 	13.8267	   14.7733
1.3 	13.176	   13.9977
1.4 	12.6675	   13.3886
1.5 	12.2785	   12.9167
1.6 	11.9915	   12.56
1.7 	11.7931	   12.3018
1.8 	11.6727	   12.1289
1.9 	11.6219	   12.0311
2 	11.6339	   12
2.1 	11.7031	   12.029
2.2 	11.8249	   12.1127
2.3 	11.9955	   12.2465
2.4 	12.2116	   12.4267
2.5 	12.4705	   12.65
2.6 	12.7698	   12.9138
2.7 	13.1074	   13.2159
2.8 	13.4816	   13.5543
2.9 	13.8907	   13.9272
3 	14.3334	   14.3333
1 	15.6883	   17
1.1 	14.6502	   15.7555
1.2 	13.8267	   14.7733
1.3 	13.176	   13.9977
1.4 	12.6675	   13.3886
1.5 	12.2785	   12.9167
1.6 	11.9915	   12.56
1.7 	11.7931	   12.3018
1.8 	11.6727	   12.1289
1.9 	11.6219	   12.0311
2 	11.6339	   12
2.1 	11.7031	   12.029
2.2 	11.8249	   12.1127
2.3 	11.9955	   12.2465
2.4 	12.2116	   12.4267
2.5 	12.4705	   12.65
2.6 	12.7698	   12.9138
2.7 	13.1074	   13.2159
2.8 	13.4816	   13.5543
2.9 	13.8907	   13.9272
3 	14.3333	   14.3333
1 	15.6883	   17
1.1 	14.6502	   15.7555
1.2 	13.8267	   14.7733
1.3 	13.176	   13.9977
1.4 	12.6675	   13.3886
1.5 	12.2785	   12.9167
1.6 	11.9915	   12.56
1.7 	11.7931	   12.3018
1.8 	11.6727	   12.1289
1.9 	11.6219	   12.0311
2 	11.6339	   12
2.1 	11.7031	   12.029
2.2 	11.8249	   12.1127
2.3 	11.9955	   12.2465
2.4 	12.2116	   12.4267
2.5 	12.4705	   12.65
2.6 	12.7697	   12.9138
2.7 	13.1074	   13.2159
2.8 	13.4816	   13.5543
2.9 	13.8907	   13.9272
3 	14.3333	   14.3333
1 	15.6883	   17
1.1 	14.6502	   15.7555
1.2 	13.8267	   14.7733
1.3 	13.176	   13.9977
1.4 	12.6675	   13.3886
1.5 	12.2785	   12.9167
1.6 	11.9915	   12.56
1.7 	11.7931	   12.3018
1.8 	11.6727	   12.1289
1.9 	11.6219	   12.0311
2 	11.6339	   12
2.1 	11.7031	   12.029
2.2 	11.8249	   12.1127
2.3 	11.9955	   12.2465
2.4 	12.2116	   12.4267
2.5 	12.4704	   12.65
2.6 	12.7697	   12.9138
2.7 	13.1074	   13.2159
2.8 	13.4815	   13.5543
2.9 	13.8907	   13.9272
3 	14.3333	   14.3333
value of m = -14.7422